[M1]
pgain = 2.14699475516
igain = 149.877469819
dgain = 0.00768892496692

[M2]
pgain = 3.94528324839
igain = 200.0
dgain = 0.00431515355293

